Species	logn50	logcontigcount	logl50	logtotlen	logcoverage	gccontent
Acetatifactor sp.	4.3715	2.2735000000000003	1.6015000000000001	6.4735	0.9864999999999999	0.473
Acetobacter pasteurianus	4.7940000000000005	2.327	1.0965	6.484999999999999	2.481	0.5275000000000001
Acetobacter tropicalis	4.9805	2.207	1.079	6.5725	2.2305	0.555
Acholeplasma laidlawii	5.578	1.079	0.301	6.173	1.574	0.318
Acholeplasmataceae bacterium	4.1465	2.1885000000000003	1.4209999999999998	6.132	2.1925	0.346
Achromobacter ruhlandii	5.132	1.954	1.176	6.818	2.1	0.677
Achromobacter xylosoxidans	4.811	2.262	1.431	6.814	1.978	0.677
Acidiferrobacteraceae bacterium	4.4	2.0	1.38	6.334	-1.0	0.528
Acidilobales archaeon	3.574	2.35	1.845	6.029	0.867	0.376
Acidimicrobiaceae bacterium	4.558	1.839	1.204	6.283	-1.0	0.533
Acidimicrobiales bacterium	3.995	2.5460000000000003	1.955	6.448	1.1955	0.636
Acidimicrobiia bacterium	3.7584999999999997	2.615	2.027	6.3285	1.0	0.623
Acidithiobacillus thiooxidans	4.5125	2.5145	1.591	6.5825	1.91	0.531
Acidobacteria bacterium	4.1605	2.319	1.6945000000000001	6.4830000000000005	1.0	0.62
Acidobacteriaceae bacterium	4.373	2.504	1.806	6.583	0.918	0.596
Acinetobacter baumannii	4.999	2.072	1.114	6.599	2.024	0.39
Acinetobacter bereziniae	4.827999999999999	2.3085	1.29	6.66	1.6425	0.3795
Acinetobacter calcoaceticus	5.566000000000001	1.5375	0.477	6.5915	1.7985	0.386
Acinetobacter haemolyticus	4.65	2.26	1.398	6.539	1.908	0.395
Acinetobacter indicus	4.9755	1.9565000000000001	0.977	6.48	1.9769999999999999	0.457
Acinetobacter johnsonii	4.849	2.1390000000000002	1.176	6.5565	1.839	0.414
Acinetobacter junii	4.66	2.354	1.38	6.529	1.898	0.387
Acinetobacter lactucae	4.969	2.09	1.176	6.587	1.776	0.388
Acinetobacter nosocomialis	4.931	2.083	1.204	6.6	1.851	0.387
Acinetobacter oleivorans	5.127	2.427	0.954	6.615	1.908	0.388
Acinetobacter pittii	4.946	2.134	1.176	6.601	1.806	0.388
Acinetobacter radioresistens	4.994	2.009	1.0	6.51	1.813	0.415
Acinetobacter seifertii	4.693	2.324	1.38	6.597	1.795	0.386
Acinetobacter soli	4.958	2.117	1.1275	6.5405	1.8359999999999999	0.4285
Acinetobacter sp.	4.484999999999999	2.2145	1.4905	6.5365	0.0	0.406
Acinetobacter ursingii	4.916	2.188	1.114	6.544	1.653	0.401
Actinobacillus pleuropneumoniae	4.927	1.728	0.954	6.355	1.8359999999999999	0.412
Actinobacteria bacterium	3.9175	2.258	1.643	6.12	1.0	0.516
Actinomycetales bacterium	4.012	2.459	1.839	6.377	1.764	0.697
Aerococcus urinae	5.0	1.736	0.845	6.289	1.7080000000000002	0.4245
Aeromonas caviae	4.876	2.334	1.301	6.652	2.0	0.614
Aeromonas hydrophila	5.233	1.875	1.041	6.696	1.924	0.611
Aeromonas salmonicida	5.008	2.086	1.176	6.682	1.822	0.584
Aeromonas veronii	5.274	1.806	0.954	6.67	1.851	0.586
Agathobacter sp.	4.622	2.093	1.301	6.424	1.18	0.425
Aggregatibacter actinomycetemcomitans	4.8835	1.8415	0.977	6.3215	1.987	0.444
Aggregatibacter aphrophilus	5.6035	1.519	0.389	6.3675	1.525	0.423
Agrobacterium rhizogenes	5.726	1.6855	0.602	6.848	1.854	0.599
Agrobacterium tumefaciens	5.6685	1.531	0.602	6.751	1.9495	0.5925
Agrobacterium vitis	5.574	1.8479999999999999	0.778	6.7755	1.874	0.576
Akkermansia muciniphila	5.336	1.462	0.699	6.443	1.916	0.557
Akkermansiaceae bacterium	4.144	2.778	2.061	6.668	0.0	0.588
Alcaligenaceae bacterium	4.461	2.196	1.505	6.446	2.237	0.531
Alcaligenes faecalis	5.542	1.491	0.602	6.636	2.255	0.568
Alcanivorax sp.	4.682	1.978	1.342	6.552	-1.0	0.626
Aliivibrio finisterrensis	5.036	2.111	1.114	6.626	2.158	0.389
Aliivibrio fischeri	5.302	1.857	0.903	6.632	2.0	0.382
Alkalihalobacillus clausii	5.147	1.968	1.0	6.632	2.1005	0.446
Alphaproteobacteria bacterium	3.973	2.3209999999999997	1.6945000000000001	6.255	1.0	0.5654999999999999
Alteromonadaceae bacterium	4.922	1.875	1.176	6.638	-1.0	0.488
Alteromonas macleodii	5.672	1.643	0.477	6.683	2.0	0.446
Alteromonas sp.	4.42	2.097	1.568	6.509	-1.0	0.448
Anaerolineaceae bacterium	4.4	2.238	1.602	6.474	1.163	0.525
Anaerolineae bacterium	3.86	2.669	2.093	6.481	1.176	0.594
Anaerolineales bacterium	4.047	2.534	2.049	6.454	1.041	0.525
Anaerostipes hadrus	4.863	2.0775	1.204	6.4795	2.0	0.37
Anaplasma marginale	4.659	1.771	1.0	6.068	1.763	0.498
Anaplasma phagocytophilum	4.259	2.281	1.362	6.194	1.778	0.419
Aphanizomenon flos-aquae	4.766	2.19	1.431	6.638	1.699	0.371
Aphanomyces astaci	3.915	4.103	3.2365000000000004	7.729	1.301	0.498
Aquificae bacterium	3.988	2.173	1.623	6.074	1.699	0.465
Arabidopsis thaliana	4.0775	2.193	1.672	6.2455	1.505	0.3695
Arcobacter butzleri	4.8675	1.8719999999999999	1.0	6.3525	1.72	0.269
Arcobacter cryaerophilus	5.066	1.839	0.845	6.319	1.875	0.274
Arcobacter skirrowii	5.12	1.568	0.602	6.287	2.0555000000000003	0.277
Arcobacter sp.	4.351	2.157	1.471	6.4085	0.8734999999999999	0.2825
Armatimonadetes bacterium	4.201	2.377	1.732	6.451	1.256	0.604
Aspergillus flavus	5.102	2.938	1.954	7.567	1.653	0.483
Aspergillus niger	5.65	2.5490000000000004	1.392	7.5455000000000005	1.658	0.5005
Aspergillus oryzae	5.5600000000000005	2.3529999999999998	1.468	7.561999999999999	1.7550000000000001	0.483
Aureobasidium pullulans	4.713	3.019	2.2055	7.447	1.653	0.506
Avibacterium paragallinarum	4.9065	1.9165	0.972	6.399	2.0	0.41
Azospirillum brasilense	4.944	2.471	1.342	6.847	1.362	0.684
Bacilli bacterium	4.5024999999999995	1.9540000000000002	1.161	6.103	1.439	0.292
Bacillus altitudinis	5.314	1.732	0.778	6.573	2.0	0.412
Bacillus amyloliquefaciens	5.54	1.633	0.602	6.596	2.23	0.464
Bacillus anthracis	5.4985	1.778	0.778	6.7355	2.167	0.351
Bacillus aryabhattai	5.5675	1.857	0.699	6.711	1.85	0.378
Bacillus atrophaeus	5.312	1.505	0.778	6.616	1.623	0.431
Bacillus cereus	5.126	2.117	1.079	6.75	1.726	0.351
Bacillus circulans	5.05	2.086	1.146	6.707	2.007	0.355
Bacillus coagulans	4.694	2.23	1.38	6.535	2.0	0.464
Bacillus cytotoxicus	5.371	1.724	0.602	6.613	1.699	0.356
Bacillus halotolerans	5.595	1.716	0.699	6.613	1.716	0.437
Bacillus licheniformis	5.337	1.839	0.778	6.629	2.0084999999999997	0.4595
Bacillus megaterium	5.688	1.8225	0.6505	6.736000000000001	2.0	0.378
Bacillus mycoides	5.302	2.053	0.903	6.754	1.968	0.352
Bacillus paralicheniformis	5.593999999999999	1.591	0.699	6.642	1.9769999999999999	0.459
Bacillus pumilus	5.519	1.7595	0.699	6.563	2.0	0.412
Bacillus safensis	5.6845	1.6735	0.477	6.571	2.0635	0.416
Bacillus stratosphericus	5.293	1.756	0.778	6.568	2.167	0.413
Bacillus subtilis	5.801	1.556	0.477	6.612	2.0	0.437
Bacillus thuringiensis	5.189	2.332	1.041	6.783	2.079	0.35
Bacillus toyonensis	5.305	1.886	0.903	6.765	1.863	0.35
Bacillus velezensis	5.674	1.556	0.477	6.594	2.0	0.464
Bacillus wiedmannii	5.315	1.857	0.845	6.745	2.057	0.352
Bacteriodetes bacterium	4.192	2.097	1.491	6.245	1.0	0.393
Bacteroidaceae bacterium	4.387	2.375	1.556	6.439	1.447	0.45
Bacteroidales bacterium	4.2170000000000005	2.339	1.653	6.369	1.3170000000000002	0.4765
Bacteroides acidifaciens	4.6899999999999995	2.3625	1.475	6.702	2.301	0.431
Bacteroides caccae	5.2915	1.886	0.954	6.733	2.0135	0.425
Bacteroides finegoldii	5.0184999999999995	2.112	1.161	6.7095	2.2895000000000003	0.429
Bacteroides fragilis	5.2865	1.9264999999999999	0.954	6.721	1.954	0.433
Bacteroides ovatus	5.315	1.9415	0.9974999999999999	6.827	2.0940000000000003	0.418
Bacteroides salyersiae	5.282	1.806	1.0	6.766	1.72	0.417
Bacteroides sp.	4.855	1.653	1.0	6.321	1.636	0.51
Bacteroides stercoris	4.9405	2.035	1.176	6.615500000000001	2.01	0.46
Bacteroides thetaiotaomicron	5.259	1.982	1.079	6.81	1.966	0.427
Bacteroides uniformis	4.9455	2.117	1.23	6.6975	1.729	0.463
Bacteroides xylanisolvens	4.75	2.373	1.519	6.804	1.795	0.424
Bacteroidetes bacterium	3.971	2.56	1.924	6.416	1.097	0.43
Bacteroidia bacterium	3.8514999999999997	2.518	1.8399999999999999	6.3575	1.0	0.4245
Balneola sp.	5.3165	1.423	0.6505	6.538	-1.0	0.3895
Balneolaceae bacterium	3.974	2.549	1.911	6.4544999999999995	1.354	0.4405
Balneolales bacterium	3.969	2.496	1.908	6.412	1.438	0.511
Balneolia bacterium	3.9465	2.585	1.959	6.438	1.13	0.4945
Barnesiella sp.	4.818	1.591	0.954	6.281	1.658	0.514
Bartonella henselae	4.994	1.736	0.8115	6.2665	1.8889999999999998	0.38
Bdellovibrionaceae bacterium	4.275	2.27	1.756	6.45	-1.0	0.421
Bdellovibrionales bacterium	4.231999999999999	2.3840000000000003	1.6975	6.4254999999999995	1.0	0.515
Betaproteobacteria bacterium	4.165	2.5125	1.74	6.412	0.8140000000000001	0.5805
Bifidobacterium adolescentis	5.7475	1.23	0.301	6.345	2.2409999999999997	0.595
Bifidobacterium animalis	5.624	1.204	0.301	6.283	2.148	0.605
Bifidobacterium bifidum	5.373	1.415	0.602	6.343	1.969	0.627
Bifidobacterium breve	5.249499999999999	1.4765000000000001	0.699	6.368	2.0	0.588
Bifidobacterium dentium	5.468999999999999	1.3005	0.5395	6.4115	2.234	0.585
Bifidobacterium longum	5.071	1.672	0.845	6.377	2.049	0.6
Bifidobacterium moukalabense	5.386	1.362	0.301	6.402	1.991	0.599
Bifidobacterium pseudocatenulatum	5.8	1.0965	0.301	6.341	2.3775	0.563
Bifidobacterium pseudolongum	5.3415	1.322	0.477	6.305	2.248	0.632
Bifidobacterium sp.	4.593999999999999	1.9535	1.229	6.2895	2.1205	0.597
Blastocatellia bacterium	3.932	2.588	2.004	6.483	1.13	0.556
Blautia massiliensis	5.151	1.823	0.9515	6.5335	2.0	0.441
Blautia obeum	5.041	2.037	1.041	6.547	2.0	0.417
Blautia wexlerae	4.716	2.369	1.398	6.593	2.0	0.413
Bordetella avium	5.5615	1.7115	0.5395	6.5715	1.874	0.616
Bordetella bronchiseptica	5.002	2.033	1.23	6.717	1.846	0.682
Bordetella holmesii	4.5665	2.1959999999999997	1.484	6.5545	1.9515	0.6275
Bordetella pertussis	4.718	2.033	1.362	6.605	1.944	0.678
Borreliella bavariensis	5.957	1.505	0.0	6.112	2.025	0.279
Borreliella burgdorferi	5.955	1.699	0.0	6.112	1.818	0.281
Borreliella garinii	3.747	2.5060000000000002	1.787	6.044499999999999	0.854	0.28
Brachyspira hyodysenteriae	5.1315	1.6855	0.845	6.484	2.864	0.27
Brachyspira pilosicoli	5.489000000000001	1.3845	0.588	6.4185	2.1725	0.278
Bradyrhizobium canariense	5.287000000000001	2.261	1.114	6.918	1.908	0.63
Bradyrhizobium elkanii	4.9510000000000005	2.4865	1.5030000000000001	6.9655000000000005	1.925	0.637
Brevundimonas sp.	4.625500000000001	2.1734999999999998	1.38	6.486	1.301	0.6765000000000001
Brochothrix thermosphacta	5.124	1.826	0.845	6.405	1.845	0.363
Brucella abortus	5.6655	1.2425	0.477	6.516	2.1685	0.572
Brucella canis	5.673	1.079	0.477	6.514	2.0	0.573
Brucella melitensis	5.393	1.531	0.699	6.517	2.149	0.572
Brucella ovis	5.486	1.362	0.699	6.517	1.934	0.572
Brucella suis	5.56	1.301	0.602	6.52	2.212	0.572
Burkholderia ambifaria	5.59	1.9729999999999999	0.778	6.873	1.9005	0.667
Burkholderia anthina	5.305	2.021	1.079	6.877	1.934	0.667
Burkholderia cenocepacia	5.035	2.19	1.398	6.903	1.886	0.67
Burkholderia cepacia	5.391	2.043	1.041	6.929	1.8675000000000002	0.667
Burkholderia contaminans	5.2725	1.991	1.161	6.922	1.966	0.664
Burkholderia diffusa	5.375	1.839	1.0	6.84	1.987	0.664
Burkholderia gladioli	5.4510000000000005	2.117	1.0	6.918	1.851	0.681
Burkholderia glumae	3.946	2.999	2.262	6.801	2.146	0.683
Burkholderia lata	5.304	1.959	1.161	6.9455	1.9465	0.6635
Burkholderia mallei	4.699	2.367	1.568	6.748	2.17	0.686
Burkholderia multivorans	5.275499999999999	1.9369999999999998	1.0965	6.809	2.1145	0.672
Burkholderia pseudomallei	4.98	2.2135	1.38	6.852	1.9255	0.682
Burkholderia stagnalis	5.308	2.037	1.114	6.888	1.934	0.676
Burkholderia territorii	5.36	1.914	1.0	6.839	1.935	0.667
Burkholderia thailandensis	4.834	2.297	1.447	6.817	1.643	0.677
Burkholderia ubonensis	5.27	2.057	1.114	6.8774999999999995	1.891	0.672
Burkholderia vietnamiensis	5.2745	1.9820000000000002	1.114	6.8335	1.975	0.671
Burkholderiaceae bacterium	3.7755	2.559	1.9085	6.18	0.743	0.478
Burkholderiales bacterium	3.8274999999999997	2.4690000000000003	1.9055	6.289	1.0	0.621
Caldicellulosiruptor bescii	6.467	0.477	0.0	6.4704999999999995	2.3339999999999996	0.352
Calditrichaeota bacterium	3.792	2.7155	2.097	6.5555	1.333	0.4385
Campylobacter coli	4.897	1.785	0.903	6.246	2.033	0.313
Campylobacter concisus	4.987	1.82	0.845	6.284	1.699	0.394
Campylobacter curvus	5.33	1.447	0.602	6.291	2.17	0.443
Campylobacter fetus	5.206	1.708	0.602	6.244	2.124	0.332
Campylobacter helveticus	4.49	2.19	1.255	6.263	2.283	0.343
Campylobacter hepaticus	4.9615	1.663	0.778	6.171	1.602	0.279
Campylobacter hyointestinalis	5.2325	1.638	0.602	6.2515	2.0	0.339
Campylobacter jejuni	4.921	1.708	0.845	6.236	2.083	0.304
Campylobacter lanienae	4.837	1.9264999999999999	0.8115	6.214	1.744	0.3435
Campylobacter lari	5.034	1.568	0.778	6.186	2.176	0.297
Campylobacter upsaliensis	4.679	1.914	1.079	6.224	2.083	0.348
Campylobacteraceae bacterium	4.721	1.806	1.041	6.231	1.431	0.374
Campylobacterales bacterium	3.778	2.396	1.813	6.219	1.147	0.366
Candida auris	4.472	2.959	2.124	7.098	1.954	0.449
Carnobacterium divergens	5.466	1.431	0.602	6.436	1.643	0.35
Carnobacterium maltaromaticum	5.699	1.362	0.477	6.548	1.519	0.344
Chitinophagaceae bacterium	4.184	2.417	1.708	6.535	1.255	0.419
Chitinophagia bacterium	3.9245	2.6765	1.9685000000000001	6.349500000000001	0.7985	0.389
Chlamydia abortus	6.057	0.477	0.0	6.064	2.0	0.399
Chlamydia psittaci	5.7364999999999995	1.1545	0.1505	6.071	2.4299999999999997	0.39
Chlamydia suis	5.8345	0.301	0.0	6.038	1.4545	0.4215
Chlamydia trachomatis	5.993	0.389	0.0	6.018	2.1505	0.413
Chlamydiae bacterium	4.013	2.33	1.681	6.211	0.788	0.43
Chlorobi bacterium	4.619	1.9220000000000002	1.19	6.3375	1.699	0.5075000000000001
Chloroflexi bacterium	4.204	2.199	1.58	6.324	1.0	0.562
Chloroflexia bacterium	3.704	2.751	2.199	6.464	1.045	0.639
Christensenellaceae bacterium	4.281000000000001	2.233	1.5554999999999999	6.4305	1.139	0.583
Chromatiaceae bacterium	3.971	2.507	1.881	6.405	1.554	0.641
Chromatiales bacterium	3.604	2.5665	2.097	6.2475000000000005	0.8975	0.6214999999999999
Chromobacterium violaceum	5.303	1.826	0.954	6.678	2.176	0.648
Chthoniobacterales bacterium	3.758	2.624	2.061	6.312	1.05	0.598
Citrobacter amalonaticus	5.6465	1.561	0.602	6.7044999999999995	1.861	0.533
Citrobacter braakii	5.771	1.6925	0.477	6.713	1.8535	0.52
Citrobacter freundii	5.199	2.14	1.041	6.724	2.0	0.518
Citrobacter koseri	6.538	0.845	0.0	6.689	2.0	0.537
Citrobacter portucalensis	5.216	2.045	1.041	6.729	2.121	0.517
Citrobacter werkmanii	5.631	1.477	0.602	6.705	1.897	0.521
Citromicrobium sp.	4.506	1.949	1.362	6.445	-1.0	0.643
Clavibacter michiganensis	5.153	1.74	0.903	6.517	2.0	0.727
Clostridia bacterium	4.157500000000001	2.319	1.6280000000000001	6.2715	1.146	0.475
Clostridiaceae bacterium	4.3405000000000005	2.3	1.519	6.3605	2.2955	0.4375
Clostridiales bacterium	4.2795	2.207	1.505	6.295	1.831	0.508
Clostridioides difficile	5.058	2.09	1.079	6.618	2.0	0.285
Clostridium beijerinckii	4.954	2.21	1.301	6.778	2.101	0.296
Clostridium botulinum	5.086	1.929	1.0	6.59	1.301	0.28
Clostridium butyricum	4.964	2.09	1.204	6.662	2.0	0.285
Clostridium perfringens	5.1475	1.845	0.903	6.529	2.0	0.281
Clostridium saccharobutylicum	5.023	1.919	1.041	6.698	2.135	0.284
Clostridium sp.	4.1715	2.4385000000000003	1.736	6.394500000000001	1.8805	0.45799999999999996
Clostridium sporogenes	5.1615	1.9685000000000001	1.0	6.613	1.301	0.279
Clostridium tetani	5.34	1.633	0.699	6.453	2.0	0.285
Collinsella aerofaciens	4.869	1.732	1.0	6.341	2.0	0.6
Collinsella sp.	4.368	2.127	1.398	6.29	1.169	0.603
Comamonadaceae bacterium	4.267	2.386	1.756	6.524	1.322	0.664
Comamonas thiooxydans	5.236000000000001	2.0025	0.9285	6.7305	2.2359999999999998	0.6114999999999999
Coprococcus comes	5.048500000000001	1.947	1.0	6.5115	2.0	0.427
Coprococcus eutactus	4.9145	1.796	1.0499999999999998	6.435499999999999	1.2305000000000001	0.441
Corallococcus exiguus	4.407500000000001	2.9405	2.088	7.0205	1.7850000000000001	0.695
Coriobacteriaceae bacterium	4.095	2.276	1.58	6.256	1.205	0.621
Coriobacteriia bacterium	4.3475	2.1505	1.447	6.2215	1.178	0.5655
Corynebacterium amycolatum	5.063	1.732	0.903	6.397	1.548	0.588
Corynebacterium aurimucosum	5.1165	1.774	0.903	6.435499999999999	2.7285000000000004	0.61
Corynebacterium belfantii	5.0825	1.6715	0.845	6.38	1.667	0.536
Corynebacterium bovis	4.169	2.453	1.69	6.402	1.937	0.726
Corynebacterium diphtheriae	5.13	1.633	0.778	6.387	1.924	0.535
Corynebacterium glutamicum	5.3125	1.562	0.778	6.5135000000000005	2.301	0.54
Corynebacterium pseudotuberculosis	6.087	0.602	0.1505	6.373	2.431	0.521
Corynebacterium striatum	5.246	1.613	0.778	6.454	2.161	0.593
Corynebacterium ulcerans	5.468500000000001	1.29	0.5395	6.3995	2.002	0.534
Corynespora cassiicola	4.739	3.777	2.358	7.63	1.568	0.517
Coxiella burnetii	4.888	1.778	0.903	6.302	2.072	0.425
Crenarchaeota archaeon	4.4	2.056	1.2690000000000001	6.226	1.699	0.393
Crocinitomicaceae bacterium	4.466	1.845	1.279	6.292	-1.0	0.372
Cronobacter dublinensis	5.397	2.021	0.778	6.661	2.0	0.58
Cronobacter malonaticus	5.035	2.068	1.146	6.647	2.0	0.57
Cronobacter sakazakii	5.408	1.748	0.778	6.653	1.699	0.568
Cryomorphaceae bacterium	4.4075	2.1685	1.4765000000000001	6.2275	1.29	0.433
Cryptococcus neoformans	5.21	2.715	1.544	7.267	2.253	0.482
Cutibacterium acnes	5.7940000000000005	0.954	0.301	6.402	1.778	0.601
Cutibacterium avidum	5.4545	1.545	0.5395	6.4045000000000005	1.79	0.634
Cyclobacteriaceae bacterium	3.939	2.605	2.037	6.482	1.153	0.438
Cylindrospermopsis raciborskii	5.015	2.093	1.0775000000000001	6.548500000000001	1.081	0.401
Cytophagales bacterium	4.035	2.576	1.944	6.479	1.0	0.437
Cytophagia bacterium	4.2305	2.5355	1.7785	6.281499999999999	1.1055000000000001	0.4045
Defluviitaleaceae bacterium	4.3355	2.2345	1.562	6.355499999999999	1.2425	0.4635
Dehalococcoidales bacterium	4.109	2.033	1.462	6.114	0.903	0.483
Dehalococcoides mccartyi	5.551	1.283	0.301	6.1545000000000005	1.946	0.472
Dehalococcoidia bacterium	4.1899999999999995	2.068	1.462	6.1585	1.0	0.544
Deltaproteobacteria bacterium	3.915	2.515	1.934	6.397	1.156	0.535
Desulfobacteraceae bacterium	3.8449999999999998	2.615	2.0309999999999997	6.4645	1.1875	0.497
Desulfobacterales bacterium	3.663	2.637	2.134	6.386	1.108	0.472
Desulfobulbaceae bacterium	3.941	2.553	1.973	6.408	1.0	0.519
Desulfobulbus sp.	3.961	2.49	1.881	6.422	1.301	0.526
Desulfonatronospira sp.	3.885	2.401	1.813	6.303	1.06	0.519
Desulfovibrio sp.	4.003	2.201	1.732	6.41	1.2429999999999999	0.6335
Desulfovibrionaceae bacterium	3.904	2.529	1.949	6.324	1.08	0.585
Desulfurococcaceae archaeon	4.0	2.149	1.398	6.062	1.377	0.449
Desulfuromonadaceae bacterium	4.092499999999999	2.375	1.7325	6.3365	1.108	0.5834999999999999
Desulfuromonadales bacterium	4.155	2.365	1.623	6.455	1.126	0.534
Dickeya solani	5.379	1.568	0.845	6.687	2.301	0.562
Dorea formicigenerans	5.049	1.968	1.0	6.503	2.0	0.409
Dorea longicatena	5.086	1.7955	0.903	6.501	2.0	0.414
Dothistroma septosporum	5.788	2.553	1.2029999999999998	7.483499999999999	2.0	0.53
Ectothiorhodospiraceae bacterium	4.051	2.474	1.908	6.399	1.209	0.635
Edwardsiella piscicida	5.772	1.204	0.301	6.576	2.053	0.597
Edwardsiella tarda	5.399	1.4809999999999999	0.7525	6.5705	2.17	0.572
Eggerthella lenta	5.081	1.799	1.0	6.538	1.87	0.642
Eggerthellaceae bacterium	4.108	2.312	1.699	6.245	1.079	0.58
Eikenella corrodens	4.868	1.8054999999999999	0.9974999999999999	6.353	2.1390000000000002	0.557
Elizabethkingia anophelis	5.627000000000001	1.5965	0.602	6.6075	2.0	0.355
Elizabethkingia meningoseptica	5.6485	1.279	0.602	6.596	2.0	0.364
Elizabethkingia miricola	5.729	1.38	0.602	6.632	2.0	0.359
Elusimicrobia bacterium	3.899	2.344	1.748	6.168	1.0	0.44
Enhydrobacter aerosaccus	4.233499999999999	2.725	1.9615	6.71	0.0	0.655
Ensifer adhaerens	5.378	1.914	1.0	6.856	1.93	0.623
Enterobacter asburiae	5.174	2.013	1.041	6.691	2.024	0.556
Enterobacter bugandensis	5.618	1.562	0.5395	6.689	2.301	0.559
Enterobacter cancerogenus	5.423500000000001	1.7029999999999998	0.8115	6.6884999999999994	2.0	0.556
Enterobacter cloacae	5.135	2.0229999999999997	1.079	6.701	1.9889999999999999	0.549
Enterobacter hormaechei	5.284000000000001	1.9465	0.954	6.6955	2.0395	0.551
Enterobacter kobei	5.1955	1.9929999999999999	1.0	6.699	2.0185	0.5485
Enterobacter ludwigii	5.515000000000001	1.672	0.7384999999999999	6.685499999999999	1.915	0.545
Enterobacter roggenkampii	5.149	2.079	1.079	6.703	2.133	0.5575000000000001
Enterocloster clostridioformis	4.904	2.274	1.342	6.732	2.0	0.49
Enterococcus avium	4.8885000000000005	2.17	1.2525	6.632	1.8125	0.39
Enterococcus casseliflavus	5.28	1.671	0.8115	6.5535	2.0	0.4255
Enterococcus cecorum	4.9265	1.8295	0.954	6.37	1.9865	0.364
Enterococcus durans	4.816000000000001	2.004	1.161	6.48	2.1959999999999997	0.377
Enterococcus faecalis	5.196	1.839	0.778	6.47	1.748	0.374
Enterococcus faecium	4.643	2.276	1.301	6.459	1.771	0.379
Enterococcus gallinarum	5.43	1.58	0.699	6.537	1.944	0.404
Enterococcus hirae	5.372	1.398	0.6505	6.454	2.1189999999999998	0.369
Enterococcus mundtii	5.023	1.911	1.0394999999999999	6.5169999999999995	1.8315000000000001	0.3835
Epibacterium mobile	5.352	1.813	0.845	6.68	2.0065	0.589
Epsilonproteobacteria bacterium	3.942	2.301	1.7355	6.161	1.4344999999999999	0.38
Epulopiscium sp.	4.390499999999999	2.34	1.4855	6.344	2.5775	0.3465
Erwinia amylovora	5.589	1.663	0.477	6.58	2.0	0.535
Erysipelothrix sp.	4.141	2.164	1.398	6.095	2.16	0.353
Erysipelotrichaceae bacterium	4.272	2.1425	1.3885	6.273	1.4285	0.3625
Erysipelotrichia bacterium	3.9204999999999997	2.314	1.7195	6.179	1.8525	0.329
Erythrobacter sp.	4.359	2.2555	1.633	6.435499999999999	1.024	0.6295
Escherichia albertii	5.014	2.201	1.176	6.677	1.908	0.497
Escherichia coli	5.062	2.274	1.176	6.721	1.902	0.505
Escherichia fergusonii	5.429	1.826	0.778	6.676	2.121	0.499
Escherichia marmotae	5.3	1.839	0.845	6.667	2.059	0.504
Eubacterium rectale	5.019500000000001	2.083	1.079	6.4665	2.0	0.418
Eubacterium sp.	4.5954999999999995	2.0305	1.267	6.297499999999999	1.0965	0.415
Euryarchaeota archaeon	4.433	1.82	1.23	6.147	-1.0	0.469
Faecalibacterium prausnitzii	4.73	1.982	1.146	6.379	1.544	0.578
Faecalibacterium sp.	4.353	2.17	1.519	6.341	1.693	0.599
Ferruginibacter sp.	3.962	2.754	2.161	6.567	1.301	0.407
Fibrobacter sp.	4.324	2.5225	1.771	6.644500000000001	2.4605	0.406
Finegoldia magna	5.105	1.5675	0.699	6.276	2.0	0.319
Firmicutes bacterium	4.181	2.299	1.602	6.31	1.825	0.504
Flammeovirgaceae bacterium	4.357	1.869	1.362	6.157	-1.0	0.362
Flavobacteriaceae bacterium	4.3835	1.919	1.301	6.25	-1.0	0.3345
Flavobacteriales bacterium	4.418	1.792	1.204	6.195	-1.0	0.331
Flavobacteriia bacterium	4.036	2.497	1.778	6.27	0.8354999999999999	0.437
Flavobacterium columnare	4.7985	2.11	1.2425	6.52	2.2855	0.306
Flavobacterium psychrophilum	4.974	2.045	1.041	6.436	1.903	0.324
Flavobacterium sp.	4.2605	2.3810000000000002	1.748	6.5125	1.204	0.354
Francisella tularensis	4.431	2.0	1.362	6.253	2.093	0.322
Fusarium oxysporum	4.8705	3.69	2.2695	7.704	1.672	0.478
Fusicatenibacter saccharivorans	4.687	2.167	1.279	6.505	1.949	0.486
Fusobacterium necrophorum	5.144	1.748	0.778	6.33	1.778	0.351
Fusobacterium nucleatum	4.885	1.9085	1.0205	6.3705	1.9645000000000001	0.27
Gallibacterium anatis	4.7219999999999995	1.9615	1.146	6.398	1.8889999999999998	0.398
Gammaproteobacteria bacterium	4.16	2.338	1.672	6.3475	0.905	0.5175000000000001
Gardnerella vaginalis	5.605499999999999	1.06	0.301	6.2135	1.6715	0.4185
Gemmataceae bacterium	4.378	2.348	1.708	6.603	1.0	0.594
Gemmatimonadaceae bacterium	4.214499999999999	2.5105	1.823	6.571	1.1865	0.676
Gemmatimonadales bacterium	3.8185000000000002	2.602	2.007	6.455500000000001	1.0085	0.6765000000000001
Gemmatimonadetes bacterium	4.134499999999999	2.5025000000000004	1.799	6.467	1.0	0.663
Gemmiger formicilis	4.2015	2.3775000000000004	1.7149999999999999	6.3629999999999995	1.0554999999999999	0.605
Gemmiger sp.	4.188000000000001	2.3600000000000003	1.6855	6.39	1.4205	0.564
Geobacter sp.	4.583	2.201	1.43	6.5585	1.7195	0.554
Geodermatophilaceae bacterium	3.899	2.693	2.061	6.464	1.257	0.691
Gilliamella apicola	4.824	2.041	1.146	6.454	1.079	0.344
Gilliamella apis	4.901	1.857	1.0	6.397	1.447	0.347
Glaesserella parasuis	4.606	2.1639999999999997	1.23	6.3405000000000005	1.999	0.399
Gluconobacter oxydans	5.0565	1.939	0.9225	6.4605	2.34	0.6094999999999999
Gordonia paraffinivorans	5.093	1.966	1.041	6.6385	2.2794999999999996	0.692
Hadesarchaea archaeon	3.7255000000000003	2.1625	1.6720000000000002	5.886	1.0175	0.558
Haematospirillum jordaniae	5.38	1.477	0.477	6.3785	2.175	0.554
Haemophilus haemolyticus	5.378	1.477	0.602	6.284	2.193	0.384
Haemophilus influenzae	5.097	1.699	0.699	6.266	1.88	0.38
Haemophilus parainfluenzae	5.303	1.505	0.602	6.318	1.672	0.394
Hafnia alvei	5.459	1.785	0.778	6.68	2.0	0.487
Hafnia paralvei	5.0920000000000005	2.0065	1.1395	6.673500000000001	2.2385	0.481
Halanaerobiaceae bacterium	4.0085	2.4124999999999996	1.728	6.33	1.109	0.401
Haliea sp.	5.03	1.771	1.114	6.58	-1.0	0.605
Halieaceae bacterium	4.524	1.839	1.146	6.219	2.543	0.539
Halomonas sp.	4.2465	2.3665000000000003	1.658	6.4585	0.89	0.588
Helicobacter cinaedi	4.6114999999999995	2.3920000000000003	1.204	6.328	1.9535	0.384
Helicobacter pullorum	4.607	2.104	1.176	6.256	2.076	0.344
Helicobacter pylori	4.985	1.602	0.699	6.211	2.0	0.389
Helicobacter suis	4.912	1.898	0.845	6.214	1.699	0.399
Helicobacteraceae bacterium	3.766	2.236	1.851	6.133	0.927	0.396
Histophilus somni	4.817	2.1	1.0	6.348	2.161	0.371
Homo sapiens	6.166	2.612	1.826	7.62	1.477	0.409
Hordeum vulgare	2.394	5.777	5.377	8.207	0.0	0.5965
Hortaea werneckii	4.323	3.618	2.849	7.686	1.447	0.533
Hungateiclostridium thermocellum	4.888	2.0789999999999997	1.114	6.539	2.568	0.391
Hyphomicrobium sp.	4.684	2.057	1.38	6.523	1.185	0.624
Hyphomonadaceae bacterium	4.5295000000000005	2.057	1.46	6.4350000000000005	-0.4855	0.5925
Hyphomonas sp.	4.991	1.886	1.0	6.539	-1.0	0.595
Idiomarina sp.	4.715	1.851	1.279	6.362	-1.0	0.471
Ignavibacteria bacterium	4.026	2.524	1.845	6.425	1.0	0.366
Ignavibacteriaceae bacterium	4.3595	2.4065000000000003	1.623	6.5245	1.233	0.353
Ignavibacteriae bacterium	4.6434999999999995	2.1115	1.3975	6.430999999999999	1.0505	0.348
Ignavibacteriales bacterium	4.0655	2.5505	1.8825	6.5344999999999995	1.162	0.442
Ignisphaera aggregans	4.217	2.1365	1.351	6.218500000000001	1.424	0.379
Janthinobacterium lividum	5.448499999999999	1.662	0.8115	6.8045	1.984	0.626
Kiritimatiellae bacterium	3.939	2.516	1.959	6.372	1.098	0.587
Klebsiella aerogenes	5.329000000000001	1.8359999999999999	0.903	6.719	1.96	0.55
Klebsiella grimontii	5.3845	2.1550000000000002	0.903	6.794499999999999	1.785	0.555
Klebsiella michiganensis	5.255	2.079	1.079	6.793	1.918	0.557
Klebsiella oxytoca	5.346	2.019	0.9285	6.7780000000000005	1.9344999999999999	0.551
Klebsiella pneumoniae	5.321	2.029	0.954	6.748	2.0	0.572
Klebsiella quasipneumoniae	5.481	1.934	0.778	6.737	2.0	0.578
Klebsiella quasivariicola	5.446	1.7065000000000001	0.8115	6.7425	1.579	0.5694999999999999
Klebsiella variicola	5.5009999999999994	1.8094999999999999	0.778	6.751	2.0	0.573
Kocuria rhizophila	5.0845	1.6975	0.903	6.4305	2.052	0.707
Komagataella pastoris	5.641	2.2125	0.903	6.971	2.0	0.411
Lachnospira sp.	4.1495	2.2729999999999997	1.69	6.395	1.0655000000000001	0.378
Lachnospiraceae bacterium	4.4205000000000005	2.335	1.505	6.4335	1.301	0.445
Lacticaseibacillus paracasei	4.7605	2.1285	1.19	6.47	1.8675	0.463
Lactiplantibacillus plantarum	5.158	1.842	0.903	6.513	1.5114999999999998	0.444
Lactobacillus acidophilus	5.225	1.4545	0.477	6.294	1.9485000000000001	0.346
Lactobacillus brevis	4.904	2.013	1.041	6.407	2.025	0.458
Lactobacillus buchneri	5.382	1.5910000000000002	0.602	6.398	1.88	0.443
Lactobacillus casei	4.677	2.167	1.279	6.474	1.886	0.477
Lactobacillus crispatus	4.5135000000000005	2.1395	1.3005	6.323	1.944	0.368
Lactobacillus delbrueckii	4.709	1.94	1.041	6.253	2.004	0.499
Lactobacillus gasseri	5.085	1.633	0.699	6.281	1.763	0.349
Lactobacillus helveticus	4.278	2.362	1.491	6.312	2.274	0.366
Lactobacillus iners	4.967	1.491	0.699	6.115	1.805	0.327
Lactobacillus jensenii	4.76	1.7745	0.903	6.2235	1.8235000000000001	0.3425
Lactobacillus johnsonii	4.846	1.806	0.954	6.278	2.0	0.345
Lactobacillus kunkeei	5.131	1.491	0.602	6.191	2.301	0.3665
Lactobacillus micheneri	5.5585	1.161	0.301	6.1645	1.8079999999999998	0.306
Lactobacillus mucosae	5.0135000000000005	1.6655	0.8115	6.345	2.126	0.464
Lactobacillus murinus	4.373	2.299	1.462	6.38	1.968	0.396
Lactobacillus reuteri	4.707	2.093	1.114	6.319	2.171	0.386
Lactobacillus rhamnosus	4.958	1.9215	1.041	6.469	1.37	0.467
Lactobacillus ruminis	4.78	1.919	1.041	6.329	2.0	0.437
Lactobacillus sakei	5.056	1.6179999999999999	0.8115	6.2935	1.7814999999999999	0.41
Lactobacillus sanfranciscensis	4.893	1.613	0.699	6.108	2.384	0.347
Lactobacillus sp.	4.914	1.4729999999999999	0.8115	6.229	1.6640000000000001	0.3705
Lactococcus garvieae	5.067	1.681	0.845	6.319	2.152	0.381
Lactococcus lactis	4.914	2.043	1.0	6.401	1.699	0.351
Larix gmelinii	2.5404999999999998	3.3215	2.688	5.9295	0.0	0.406
Leclercia adecarboxylata	5.438	1.785	0.845	6.697	1.851	0.556
Legionella pneumophila	5.322	1.591	0.778	6.537	2.0	0.383
Legionella taurinensis	5.276	1.663	0.7384999999999999	6.485	1.7075	0.483
Legionellales bacterium	4.494	1.826	1.146	6.142	-1.0	0.414
Lentisphaerae bacterium	3.859	2.673	2.057	6.503	1.782	0.5934999999999999
Lentisphaeria bacterium	3.7695	2.6879999999999997	2.113	6.4455	0.972	0.55
Leptospira borgpetersenii	4.871	2.064	1.204	6.59	1.796	0.401
Leptospira interrogans	4.635	2.34	1.519	6.67	1.762	0.35
Leptospira kirschneri	4.8	2.196	1.398	6.645	1.756	0.359
Leptospira levettii	5.947	1.255	0.301	6.594	1.699	0.375
Leptospira noguchii	4.7085	2.3315	1.431	6.6765	1.763	0.356
Leptospira santarosai	5.077	1.94	1.041	6.605	1.775	0.418
Leptospira weilii	4.718	2.354	1.38	6.631	1.776	0.4075
Leuconostoc citreum	5.217	1.3384999999999998	0.5395	6.262499999999999	1.62	0.3885
Leuconostoc lactis	4.927	1.626	0.874	6.237	1.896	0.4315
Leuconostoc mesenteroides	4.8165	1.9264999999999999	0.954	6.271	1.699	0.378
Leuconostoc pseudomesenteroides	4.662	1.964	1.114	6.299	1.398	0.3905
Ligilactobacillus agilis	4.79	1.908	1.041	6.336	2.117	0.414
Ligilactobacillus salivarius	4.919	1.778	0.845	6.298	1.531	0.328
Limosilactobacillus fermentum	4.6325	2.0545	1.176	6.2989999999999995	2.0300000000000002	0.518
Listeria booriae	5.546	1.462	0.602	6.547499999999999	1.9304999999999999	0.419
Listeria innocua	5.595	1.342	0.477	6.466	2.104	0.373
Listeria ivanovii	4.941	1.785	1.114	6.457	1.602	0.369
Listeria marthii	5.7035	1.06	0.301	6.438	1.944	0.387
Listeria monocytogenes	5.548	1.431	0.602	6.481	2.057	0.379
Listeria seeligeri	5.3485	1.498	0.699	6.458	1.9835	0.372
Listeria welshimeri	5.585	1.342	0.477	6.446	2.063	0.362
Lonsdalea populi	4.754	2.176	1.342	6.57	2.0	0.554
Lysinibacillus fusiformis	5.327	1.771	0.903	6.672	2.09	0.373
Lysinibacillus sphaericus	5.302	1.845	0.903	6.659	2.0	0.371
Macrococcus caseolyticus	4.9990000000000006	1.8719999999999999	0.874	6.3420000000000005	1.759	0.365
Mannheimia haemolytica	4.8195	2.0149999999999997	1.114	6.4115	1.371	0.411
Marinobacter sp.	4.615	1.978	1.398	6.493	-1.0	0.573
Marinovum sp.	4.388	2.0484999999999998	1.439	6.3215	-1.0	0.404
Melissococcus plutonius	5.662	1.041	0.301	6.314500000000001	2.3609999999999998	0.311
Mesorhizobium loti	5.678	1.556	0.699	6.816	1.74	0.629
Mesorhizobium sp.	5.41	2.114	0.954	6.822	1.792	0.624
Methanobrevibacter smithii	4.9955	1.6625	0.845	6.278499999999999	2.248	0.304
Methanomassiliicoccaceae archaeon	4.0565	2.149	1.4834999999999998	6.0715	1.4485000000000001	0.5235000000000001
Methanomicrobiales archaeon	3.8975	2.526	1.8439999999999999	6.2775	2.3595	0.592
Methanosarcinales archaeon	3.727	2.456	1.929	6.2	1.491	0.453
Methanothrix sp.	4.041	2.277	1.6355	6.2705	2.246	0.5285
Methylococcaceae bacterium	4.04	2.4815	1.8715	6.444	1.0	0.487
Methylocystaceae bacterium	4.1425	2.275	1.55	6.1495	1.0	0.4985
Methylophaga sp.	5.079	1.643	0.903	6.461	0.0	0.432
Methylophilaceae bacterium	3.868	2.26	1.602	5.989	0.981	0.423
Methylotenera sp.	4.328	2.053	1.447	6.25	1.0	0.435
Microbacteriaceae bacterium	3.8040000000000003	2.588	1.929	6.3085	1.1505	0.6114999999999999
Microbacterium sp.	4.519	2.079	1.398	6.417	-1.0	0.692
Microbotryum violaceum	6.1495	2.167	0.903	7.4815000000000005	2.176	0.5605
Micrococcales bacterium	4.296	2.25	1.415	6.374	1.0	0.624
Micrococcus luteus	4.66	2.057	1.255	6.399	2.169	0.73
Micrococcus lylae	6.326	0.301	0.0	6.327	2.0	0.367
Microcystis aeruginosa	4.442	2.4684999999999997	1.732	6.662	2.3845	0.426
Microcystis flos-aquae	4.5	2.357	1.653	6.668	2.575	0.428
Mobiluncus curtisii	5.7975	1.161	0.301	6.337	2.0	0.555
Mobiluncus mulieris	5.1185	1.8860000000000001	0.699	6.405	2.0	0.55
Mollicutes bacterium	4.1615	2.037	1.301	6.0995	1.3675	0.4085
Moorella thermoacetica	5.314	1.519	0.699	6.418	2.336	0.558
Moraxella catarrhalis	5.245	1.602	0.602	6.284	1.602	0.416
Morganella morganii	5.396	1.785	0.699	6.596	2.0	0.51
Moritella viscosa	4.8919999999999995	2.2365	1.29	6.71	1.732	0.393
Muribaculaceae bacterium	4.405	2.3200000000000003	1.4905	6.3925	1.525	0.5045
Mycobacterium avium	4.7	2.513	1.505	6.713	2.176	0.69
Mycobacterium chimaera	4.954	2.17	1.322	6.78	1.826	0.677
Mycobacterium colombiense	4.923	2.241	1.301	6.75	2.082	0.675
Mycobacterium intracellulare	4.954	2.201	1.279	6.743	2.048	0.68
Mycobacterium kansasii	4.7135	2.404	1.568	6.8015	1.7285	0.661
Mycobacterium sp.	4.577	2.415	1.74	6.788	1.121	0.667
Mycobacterium tuberculosis	5.77	1.255	0.477	6.642	2.0	0.656
Mycobacteroides abscessus	5.761	1.342	0.477	6.704	2.0	0.641
Mycobacteroides chelonae	5.828	1.491	0.477	6.709	2.114	0.64
Mycobacteroides immunogenum	5.405	1.716	0.845	6.758	2.0	0.641
Mycolicibacterium conceptionense	5.114000000000001	2.0789999999999997	1.217	6.81	2.029	0.664
Mycolicibacterium fortuitum	4.925	2.262	1.398	6.8125	2.0065	0.6615
Mycoplasma bovis	4.445	1.851	1.079	5.97	2.545	0.294
Mycoplasma gallisepticum	4.643000000000001	1.8824999999999998	0.8265	5.975	1.0	0.3145
Mycoplasma mycoides	4.38	1.978	1.079	5.986	1.748	0.237
Mycoplasma pneumoniae	4.7975	1.6480000000000001	0.602	5.909	1.958	0.399
Myxococcales bacterium	4.111	2.587	1.914	6.581	1.0	0.648
Nanoarchaeota archaeon	4.045	1.826	1.204	5.827	-0.292	0.334
Natronohydrobacter sp.	4.0265	2.5330000000000004	1.9465	6.451499999999999	1.4655	0.6105
Neisseria flavescens	5.195	1.574	0.7384999999999999	6.3545	1.351	0.491
Neisseria gonorrhoeae	4.6745	2.1254999999999997	1.146	6.331	2.0	0.524
Neisseria lactamica	5.308	1.568	0.602	6.34	2.029	0.523
Neisseria meningitidis	4.434	2.185	1.38	6.327	2.0	0.518
Neisseria subflava	5.422	1.491	0.477	6.355	1.466	0.491
Neorhizobium galegae	5.501	1.813	0.845	6.807	1.778	0.615
Nitriliruptoraceae bacterium	3.933	2.598	2.0065	6.481999999999999	1.552	0.714
Nitrosomonadales bacterium	3.997	2.298	1.6945000000000001	6.252	0.9595	0.5285
Nitrosopumilaceae archaeon	4.3004999999999995	2.0780000000000003	1.352	6.09	1.0	0.3355
Nitrosopumilales archaeon	4.064	2.045	1.531	6.159	0.785	0.355
Nitrosopumilus sp.	4.0055	2.2504999999999997	1.638	6.0515	1.159	0.336
Nitrososphaerales archaeon	4.133	2.068	1.483	6.115	1.1275	0.4505
Nitrososphaeria archaeon	3.915	2.243	1.58	6.076	1.037	0.457
Nitrospina sp.	4.2045	2.1935000000000002	1.643	6.2565	0.0	0.484
Nitrospira sp.	4.263999999999999	2.3335	1.633	6.5005	1.5425	0.554
Nitrospiraceae bacterium	4.072	2.2215	1.6280000000000001	6.2669999999999995	1.0	0.5774999999999999
Nitrospirae bacterium	3.857	2.504	1.94	6.311	1.043	0.474
Nocardia seriolae	4.604	2.548	1.792	6.888	2.5229999999999997	0.683
Nocardioidaceae bacterium	4.019	2.501	1.886	6.42	1.192	0.692
Novosphingobium sp.	4.11	2.458	1.799	6.411	0.806	0.642
Oceanospirillaceae bacterium	4.615	2.0895	1.476	6.5615	-1.0	0.522
Oceanospirillales bacterium	4.257	2.365	1.591	6.461	0.811	0.465
Ochrobactrum anthropi	5.746	1.519	0.477	6.691	1.778	0.562
Ochrobactrum intermedium	5.629	1.826	0.602	6.678	1.813	0.577
Odoribacter splanchnicus	4.9565	2.107	1.2275	6.6615	1.862	0.44
Oenococcus oeni	4.504	2.369	1.255	6.278	1.738	0.379
Oligoflexia bacterium	3.873	2.667	2.097	6.413	0.0	0.471
Opitutaceae bacterium	3.989	2.512	1.903	6.454	1.0	0.628
Opitutae bacterium	4.35	2.093	1.477	6.377	0.796	0.514
Opitutales bacterium	4.253	2.305	1.653	6.382	1.088	0.585
Orientia tsutsugamushi	4.4559999999999995	2.085	1.244	6.2379999999999995	1.9805000000000001	0.302
Oryza rufipogon	4.32	2.19	0.845	5.639	2.076	0.433
Oryza sativa	4.48	1.978	0.699	5.619	1.934	0.435
Oscillospiraceae bacterium	4.478	2.004	1.362	6.277	1.234	0.605
Paenibacillus odorifer	5.2745	2.0389999999999997	1.079	6.843999999999999	1.919	0.441
Paenibacillus polymyxa	5.567	1.9369999999999998	0.699	6.764	2.0614999999999997	0.455
Paeniclostridium sordellii	6.094	1.484	0.1505	6.544499999999999	2.3369999999999997	0.273
Pandoraea apista	5.0265	2.073	1.2425	6.750500000000001	1.041	0.627
Pantoea agglomerans	5.491	1.785	0.699	6.687	2.0	0.551
Pantoea ananatis	5.637	1.763	0.602	6.687	1.845	0.535
Pantoea brenneri	5.112	2.025	1.041	6.701	2.6624999999999996	0.559
Pantoea dispersa	5.3675	1.801	0.845	6.689500000000001	1.866	0.5765
Pantoea stewartii	5.429	1.748	0.845	6.679	1.895	0.537
Parabacteroides distasonis	5.354	1.919	0.903	6.711	2.05	0.452
Parabacteroides goldsteinii	5.103	2.111	1.23	6.83	1.7970000000000002	0.434
Parabacteroides merdae	5.25	1.826	1.0	6.666	2.0	0.453
Pasteurella multocida	5.344	1.505	0.602	6.366	2.528	0.403
Pectobacterium brasiliense	5.607	1.7965	0.602	6.6835	2.0	0.5205
Pectobacterium carotovorum	5.201	1.869	0.954	6.683	2.0	0.519
Pectobacterium polaris	5.309	1.7469999999999999	0.9285	6.686	1.875	0.518
Pediococcus acidilactici	5.282500000000001	1.477	0.602	6.3035	1.69	0.421
Pediococcus pentosaceus	5.476	1.439	0.477	6.2620000000000005	1.7385000000000002	0.372
Pedobacter sp.	4.134	2.53	1.74	6.446	1.301	0.381
Pedosphaera sp.	4.311	2.182	1.633	6.462	1.0	0.594
Pelagibacteraceae bacterium	4.4155	1.6225	1.0	5.968500000000001	-1.0	0.298
Pelagibacterales bacterium	4.482	1.491	0.903	5.886	0.938	0.295
Peptococcaceae bacterium	4.349	2.352	1.556	6.39	1.301	0.461
Phascolarctobacterium faecium	5.302	1.38	0.477	6.388	2.503	0.436
Phocaeicola dorei	5.2765	1.932	1.0205	6.7365	2.0135	0.419
Phocaeicola vulgatus	5.1	2.0	1.114	6.719	2.128	0.424
Photobacterium angustum	5.324	1.7595	0.778	6.686	2.0	0.396
Photobacterium damselae	4.999499999999999	2.0915	1.145	6.648	1.9235	0.407
Photobacterium kishitanii	5.237	1.934	0.8995	6.7075	1.98	0.388
Photobacterium leiognathi	5.346	1.813	0.903	6.665	1.944	0.411
Photobacterium phosphoreum	5.104	1.9849999999999999	1.0965	6.6594999999999995	1.866	0.395
Photorhabdus luminescens	4.811	2.449	1.431	6.7325	1.653	0.425
Phycisphaeraceae bacterium	3.9535	2.591	2.0060000000000002	6.4915	1.0	0.616
Phycisphaerae bacterium	4.3865	2.3594999999999997	1.6764999999999999	6.4495000000000005	0.9535	0.613
Phycisphaerales bacterium	4.220000000000001	2.419	1.7814999999999999	6.4325	1.0125	0.6085
Piscirickettsia salmonis	4.14	2.556	1.771	6.482	3.159	0.396
Planctomyces sp.	4.237	2.5995	2.002	6.689	1.0	0.594
Planctomycetaceae bacterium	4.151	2.544	1.944	6.58	0.856	0.6
Planctomycetales bacterium	4.046	2.42	1.813	6.469	1.147	0.646
Planctomycetes bacterium	4.041	2.34	1.74	6.463	1.0	0.601
Planctomycetia bacterium	4.062	2.3645	1.744	6.3934999999999995	1.0	0.6355
Plasmodium falciparum	4.898	3.1985	1.9620000000000002	7.474	1.1425	0.199
Plesiomonas shigelloides	4.979	1.991	1.146	6.575	2.0	0.517
Pluralibacter gergoviae	5.258	1.996	0.954	6.744	2.0	0.589
Polaromonas sp.	4.061	2.579	1.959	6.537	1.301	0.597
Porphyrobacter donghaensis	4.4575	2.526	1.6520000000000001	6.589	0.699	0.6675
Porphyromonas gingivalis	4.6995000000000005	2.088	1.19	6.365	1.447	0.4845
Porticoccaceae bacterium	4.485	1.898	1.23	6.27	-1.0	0.429
Prevotella copri	4.881	2.043	1.176	6.5525	1.9845000000000002	0.449
Prevotella intermedia	4.999	2.1	0.954	6.429	1.23	0.434
Prevotella sp.	4.431	2.188	1.491	6.381	1.699	0.477
Prochlorococcus marinus	5.367	1.279	0.477	6.23	2.301	0.314
Propionibacteriaceae bacterium	4.0329999999999995	2.386	1.7650000000000001	6.317500000000001	1.3315000000000001	0.617
Propionibacterium sp.	4.0794999999999995	2.476	1.7850000000000001	6.4559999999999995	1.9935	0.6645000000000001
Proteobacteria bacterium	3.9275	2.4495	1.785	6.375	1.0	0.5515000000000001
Proteus mirabilis	5.182	2.121	1.0	6.603	2.0	0.389
Providencia alcalifaciens	5.403499999999999	1.6125	0.778	6.608499999999999	1.9264999999999999	0.418
Providencia rettgeri	5.265499999999999	1.987	0.9515	6.665	1.602	0.403
Providencia stuartii	5.282	1.924	0.903	6.65	1.792	0.414
Pseudoalteromonas luteoviolacea	5.1705000000000005	2.167	1.161	6.7755	2.0	0.42
Pseudoalteromonas piscicida	5.0145	2.386	1.255	6.731	2.0949999999999998	0.434
Pseudoalteromonas ruthenica	5.322	2.279	0.845	6.612	2.215	0.474
Pseudoalteromonas sp.	4.543	2.111	1.531	6.577	-1.0	0.404
Pseudomonadales bacterium	4.3355	2.3440000000000003	1.602	6.497	0.794	0.6065
Pseudomonas aeruginosa	5.318	2.021	1.041	6.82	1.748	0.662
Pseudomonas amygdali	4.92	2.42	1.342	6.795	2.0	0.581
Pseudomonas asiatica	5.522	1.763	0.778	6.775	0.0	0.625
Pseudomonas avellanae	4.4915	2.6159999999999997	1.7610000000000001	6.7735	2.152	0.588
Pseudomonas chlororaphis	5.646000000000001	1.5245	0.7384999999999999	6.8345	1.8345	0.6285000000000001
Pseudomonas fluorescens	5.472	1.851	0.903	6.796	1.973	0.602
Pseudomonas fragi	5.618	1.5965	0.7384999999999999	6.7135	1.954	0.592
Pseudomonas helleri	4.817	2.502	1.477	6.774	2.344	0.579
Pseudomonas koreensis	5.49	1.833	0.845	6.785	2.0	0.602
Pseudomonas lactis	5.4345	1.767	0.9285	6.8235	1.8615	0.599
Pseudomonas lundensis	5.328	1.851	0.954	6.7	1.874	0.586
Pseudomonas lurida	5.438	1.716	0.778	6.783	1.924	0.609
Pseudomonas mendocina	5.5135000000000005	1.5659999999999998	0.8405	6.7085	1.477	0.6245
Pseudomonas monteilii	5.214	2.104	1.079	6.781	1.799	0.618
Pseudomonas nitroreducens	5.523	1.861	0.8115	6.8285	1.8775	0.6445000000000001
Pseudomonas oleovorans	5.018	2.037	1.204	6.688	2.0	0.622
Pseudomonas protegens	5.861	1.431	0.602	6.843	1.716	0.633
Pseudomonas proteolytica	5.164	1.929	1.146	6.803	1.826	0.604
Pseudomonas psychrotolerans	5.111	2.114	1.146	6.722	2.053	0.649
Pseudomonas putida	5.1145	2.0825	1.217	6.784	1.7890000000000001	0.62
Pseudomonas sp.	4.223	2.33	1.633	6.608	0.929	0.621
Pseudomonas stutzeri	5.393	1.74	0.778	6.664	2.0	0.6335
Pseudomonas syringae	4.718	2.468	1.556	6.787	1.973	0.588
Pseudomonas veronii	5.207	2.061	1.146	6.853	2.053	0.607
Pseudomonas viridiflava	5.559	1.792	0.778	6.777	1.699	0.593
Puccinia striiformis	3.6544999999999996	4.5495	3.6065	7.8255	1.7955	0.444
Puccinia triticina	3.652	4.699	3.738	7.978	1.903	0.467
Puniceicoccaceae bacterium	4.417	1.863	1.342	6.226	1.079	0.499
Pyricularia oryzae	4.069	3.847	2.959	7.574	1.875	0.5115000000000001
Pyrinomonadaceae bacterium	3.848	2.7975000000000003	2.1925	6.5760000000000005	1.1475	0.551
Ralstonia pickettii	5.426	1.6175000000000002	0.903	6.735	2.293	0.637
Ralstonia solanacearum	4.761	2.276	1.447	6.735	2.117	0.667
Raoultella ornithinolytica	5.4145	1.8864999999999998	0.903	6.754	2.0775	0.556
Raoultella planticola	5.397	1.74	0.845	6.762	2.0	0.555
Raoultella terrigena	5.531	1.903	0.845	6.753	1.8599999999999999	0.578
Rhizobiales bacterium	5.366	1.74	0.903	6.711	2.477	0.594
Rhizobium laguerreae	5.414	1.799	0.954	6.854	1.477	0.608
Rhizobium leguminosarum	5.457	1.94	0.954	6.879	1.477	0.607
Rhodanobacter sp.	4.745	2.134	1.255	6.548	-1.0	0.65
Rhodobacteraceae bacterium	4.1135	2.4425	1.7919999999999998	6.4055	1.1709999999999998	0.598
Rhodobacterales bacterium	4.13	2.19	1.672	6.398	0.875	0.602
Rhodobiaceae bacterium	4.604	1.653	1.079	6.165	-1.0	0.358
Rhodococcus erythropolis	5.351	2.083	0.954	6.823	1.924	0.624
Rhodococcus hoagii	5.628	1.613	0.602	6.716	2.079	0.688
Rhodococcus rhodochrous	4.9115	2.3015	1.332	6.789	1.932	0.684
Rhodocyclaceae bacterium	4.386	2.2595	1.545	6.479	1.6945000000000001	0.6285000000000001
Rhodoferax sp.	4.1495	2.466	1.7850000000000001	6.505000000000001	1.3115	0.606
Rhodopirellula sp.	4.555	2.283	1.643	6.689	-1.0	0.518
Rhodospirillaceae bacterium	4.453	1.898	1.301	6.343	-1.0	0.508
Rhodospirillales bacterium	3.872	2.517	1.964	6.49	1.0	0.617
Rhodotorula mucilaginosa	5.412	2.497	1.38	7.303	1.87	0.605
Rickettsiales bacterium	4.3335	1.8025	1.29	6.093	-1.0	0.305
Riemerella anatipestifer	5.343	1.5235	0.477	6.3315	2.663	0.35
Rikenellaceae bacterium	4.424	2.13	1.38	6.329	1.279	0.511
Rodentibacter pneumotropicus	4.6285	2.0755	1.279	6.367	1.6720000000000002	0.4
Roseibacillus sp.	4.705	1.978	1.415	6.565	-1.0	0.549
Roseobacter sp.	4.701	1.939	1.296	6.5365	-1.0	0.6
Roseovarius sp.	4.944	2.058	1.0775000000000001	6.468	0.018000000000000016	0.632
Rothia kristinae	4.362	2.243	1.491	6.355	2.199	0.718
Rubrobacter sp.	3.854	2.605	2.124	6.45	1.601	0.634
Ruegeria arenilitoris	5.7905	1.161	0.301	6.5815	2.301	0.614
Ruegeria atlantica	5.496499999999999	1.573	0.6505	6.6434999999999995	2.301	0.5705
Ruegeria conchae	5.561	1.491	0.602	6.644	2.301	0.571
Ruminiclostridium sp.	4.523	2.0815	1.3685	6.412	1.3135	0.4495
Ruminococcaceae bacterium	4.251	2.196	1.531	6.307	1.477	0.499
Ruminococcus bromii	4.7989999999999995	1.869	1.0775000000000001	6.327999999999999	1.8325	0.41
Ruminococcus faecis	4.741	2.041	1.279	6.512	1.881	0.408
Ruminococcus flavefaciens	4.23	2.325	1.7029999999999998	6.42	1.477	0.46699999999999997
Ruminococcus gnavus	4.93	2.173	1.114	6.563	2.0	0.427
Ruminococcus sp.	4.367	2.173	1.4695	6.3294999999999995	1.1385	0.442
Saccharomyces cerevisiae	5.046	2.508	1.531	7.064	1.954	0.382
Saccharomyces pastorianus	4.9384999999999994	2.942	1.7734999999999999	7.3445	1.748	0.3915
Salmonella bongori	5.282	1.763	0.903	6.667	1.954	0.513
Salmonella enterica	5.288	1.771	0.903	6.678	1.919	0.521
Saprospiraceae bacterium	3.98	2.667	2.064	6.497	1.014	0.41
Saprospirales bacterium	4.2755	2.3795	1.6644999999999999	6.4895	1.1320000000000001	0.4335
Serratia fonticola	5.262	1.916	1.041	6.759	2.0	0.5365
Serratia marcescens	5.294	2.158	1.0	6.72	1.968	0.595
Serratia symbiotica	4.792	2.0534999999999997	1.2005	6.3675	1.8679999999999999	0.5165
Shewanella algae	4.983	2.033	1.204	6.687	2.353	0.53
Shigella boydii	4.302	2.626	1.826	6.637	2.0	0.508
Shigella dysenteriae	4.291	2.648	1.826	6.638	2.0	0.508
Shigella flexneri	4.461	2.563	1.672	6.648	1.978	0.505
Shigella sonnei	4.378	2.618	1.763	6.663	1.987	0.508
Sinorhizobium fredii	4.591	2.5484999999999998	1.7075	6.834	2.1845	0.622
Sinorhizobium medicae	5.036	2.19	1.255	6.822	0.941	0.612
Sinorhizobium meliloti	4.823	2.319	1.505	6.837	0.9345000000000001	0.621
Snodgrassella alvi	4.901	1.875	1.0	6.3895	1.4545	0.413
Solirubrobacterales bacterium	3.616	2.611	2.1414999999999997	6.329000000000001	1.0045	0.7095
Sphingobacteriia bacterium	4.24	2.4755000000000003	1.7705	6.369	0.8375	0.392
Sphingobium sp.	4.775	2.097	1.23	6.492	-1.0	0.634
Sphingomonadaceae bacterium	4.1185	2.417	1.732	6.393	0.542	0.632
Sphingomonadales bacterium	3.723	2.4905	1.929	6.3505	1.0	0.652
Sphingomonas koreensis	5.391	1.69	0.845	6.6865000000000006	1.914	0.66
Sphingomonas sp.	4.3415	2.281	1.5575	6.3835	0.9895	0.652
Spirochaetaceae bacterium	3.9925	2.5655	1.9369999999999998	6.492	1.0365	0.593
Spirochaetales bacterium	3.966	2.558	1.886	6.422	1.307	0.557
Spirochaetes bacterium	3.9635	2.577	1.956	6.3905	1.258	0.4275
Spirochaetia bacterium	3.994	2.462	1.74	6.386	1.079	0.449
Spraguea lophii	3.7155	3.5815	2.4925	6.8835	2.0084999999999997	0.23
Staphylococcus agnetis	4.916	1.866	1.0	6.3885000000000005	1.7455	0.357
Staphylococcus argenteus	5.833	1.3115	0.301	6.445	2.0	0.323
Staphylococcus arlettae	4.686	2.199	1.204	6.416	1.613	0.334
Staphylococcus aureus	5.24	1.681	0.699	6.451	2.0	0.327
Staphylococcus capitis	5.196	1.914	0.699	6.394	1.892	0.329
Staphylococcus chromogenes	4.926	1.857	0.954	6.364	1.653	0.367
Staphylococcus cohnii	4.61	2.121	1.255	6.422	1.643	0.325
Staphylococcus delphini	5.269	1.633	0.7384999999999999	6.4085	2.1155	0.383
Staphylococcus epidermidis	4.974	1.908	0.954	6.395	1.991	0.32
Staphylococcus equorum	4.696	2.1654999999999998	1.2425	6.4415	1.6480000000000001	0.33
Staphylococcus felis	4.484	2.26	1.477	6.379	1.949	0.349
Staphylococcus gallinarum	4.4575	2.41	1.4834999999999998	6.467499999999999	1.58	0.331
Staphylococcus haemolyticus	4.859	1.987	1.041	6.397	2.013	0.327
Staphylococcus hominis	5.0535	1.7029999999999998	0.778	6.351	1.9415	0.314
Staphylococcus pasteuri	4.688	2.0309999999999997	1.217	6.404	1.6505	0.315
Staphylococcus pseudintermedius	5.097	1.908	0.903	6.425	2.0	0.374
Staphylococcus saprophyticus	5.781	1.477	0.301	6.42	2.0	0.33
Staphylococcus schleiferi	5.169	1.748	0.845	6.392	2.267	0.359
Staphylococcus sciuri	4.643	2.2305	1.29	6.442	1.653	0.325
Staphylococcus simulans	4.933	1.973	1.041	6.422	1.568	0.36
Staphylococcus succinus	4.509	2.326	1.447	6.442	1.602	0.329
Staphylococcus warneri	4.832	2.004	1.114	6.406	1.643	0.326
Staphylococcus xylosus	4.6665	2.1715	1.29	6.4535	1.6179999999999999	0.327
Stenotrophomonas maltophilia	4.763	2.238	1.431	6.684	1.987	0.664
Streptococcus agalactiae	5.014	1.623	0.845	6.321	2.0	0.354
Streptococcus anginosus	5.0665	1.6280000000000001	0.778	6.292	1.791	0.3875
Streptococcus canis	5.343500000000001	1.4405000000000001	0.5395	6.337999999999999	2.0	0.396
Streptococcus cristatus	5.162	1.681	0.699	6.315	1.851	0.425
Streptococcus dysgalactiae	4.871	1.82	1.0	6.333	1.943	0.393
Streptococcus equi	4.642	1.898	1.23	6.328	2.0	0.412
Streptococcus equinus	5.7585	1.159	0.301	6.278499999999999	2.6105	0.3735
Streptococcus gordonii	5.375	1.439	0.602	6.341	2.0	0.405
Streptococcus halichoeri	4.896	1.6575	0.903	6.301	2.025	0.415
Streptococcus iniae	4.669	1.934	1.146	6.3	2.1	0.365
Streptococcus intermedius	5.466	1.255	0.477	6.288	1.462	0.376
Streptococcus mitis	5.15	1.591	0.699	6.301	1.69	0.4
Streptococcus mutans	4.704	1.991	1.146	6.294	1.771	0.368
Streptococcus oralis	5.413	1.4545	0.389	6.2915	1.6760000000000002	0.411
Streptococcus parasanguinis	5.407	1.342	0.477	6.325	2.0	0.42
Streptococcus parauberis	5.4975000000000005	1.161	0.477	6.3095	1.7570000000000001	0.355
Streptococcus pneumoniae	4.924	1.699	0.903	6.318	2.0	0.396
Streptococcus pseudopneumoniae	4.668	2.064	1.176	6.338	2.0	0.398
Streptococcus pyogenes	5.3025	1.301	0.602	6.253	2.0	0.384
Streptococcus salivarius	5.175	1.672	0.778	6.337	1.93	0.398
Streptococcus sanguinis	5.4435	1.5295	0.602	6.374	1.8130000000000002	0.431
Streptococcus sobrinus	4.03	2.555	1.785	6.322	1.779	0.435
Streptococcus suis	4.967	1.748	0.903	6.327	1.699	0.412
Streptococcus thermophilus	4.815	1.813	0.954	6.253	1.992	0.389
Streptococcus uberis	5.3420000000000005	1.4620000000000002	0.477	6.2844999999999995	2.2855	0.364
Streptomyces albidoflavus	5.426	1.82	0.954	6.849	2.176	0.734
Streptomyces griseus	5.33	2.104	1.041	6.905	2.31	0.726
Streptomyces lunaelactis	4.473	2.713	1.929	6.901	1.519	0.698
Streptomyces rimosus	5.0365	2.3615	1.4144999999999999	6.978	2.135	0.719
Streptomyces scabiei	4.097	3.138	2.318	6.993	2.0	0.712
Streptomyces sp.	3.8600000000000003	3.05	2.488	6.923	1.6885	0.711
Subdoligranulum sp.	4.2765	2.2640000000000002	1.623	6.3759999999999994	1.5375	0.588
Sulfolobus acidocaldarius	5.672499999999999	0.9285	0.301	6.346500000000001	1.9905	0.367
Sulfurimonas sp.	4.431	1.924	1.204	6.282	0.0	0.343
Sulfurovum sp.	3.932	2.307	1.785	6.199	0.0	0.363
Sutterella wadsworthensis	4.9175	1.842	1.041	6.458	1.892	0.552
Synechococcus lacustris	5.084	1.568	0.845	6.3870000000000005	0.0	0.619
Synergistaceae bacterium	3.908	2.4145	1.8345	6.239	2.5225	0.5395000000000001
Syntrophaceae bacterium	4.382	2.4185	1.763	6.536	1.5405000000000002	0.4965
Syntrophomonadaceae bacterium	4.005	2.408	1.756	6.277	1.442	0.465
Tenacibaculum maritimum	5.065	1.968	1.041	6.524	1.929	0.318
Tetragenococcus halophilus	4.5615000000000006	2.431	1.342	6.3865	2.4585	0.357
Thaumarchaeota archaeon	4.243	1.994	1.3215	6.0405	1.176	0.357
Thermococci archaeon	3.7335000000000003	2.4160000000000004	1.9129999999999998	6.1325	1.5505	0.4115
Thermofilum sp.	3.8055000000000003	2.293	1.7075	6.015	1.105	0.5475000000000001
Thermoflexales bacterium	3.908	2.74	2.146	6.525	1.078	0.617
Thermoleophilaceae bacterium	3.716	2.584	2.045	6.259	1.28	0.706
Thermoleophilia bacterium	4.101	2.237	1.638	6.2565	1.052	0.682
Thermoplasmata archaeon	3.7605000000000004	2.335	1.8025	6.143	1.4285	0.4325
Thermoplasmatales archaeon	3.5949999999999998	2.3259999999999996	1.851	5.946	0.951	0.41
Thermoprotei archaeon	3.779	2.3890000000000002	1.799	6.1445	1.5895000000000001	0.425
Thermus scotoductus	4.091	2.6	1.748	6.364	1.748	0.651
Thioalkalivibrio sp.	3.913	2.512	1.919	6.332	1.514	0.656
Thiotrichales bacterium	4.01	2.431	1.771	6.222	0.961	0.483
Tissierellia bacterium	4.208	2.32	1.58	6.285	2.413	0.348
Toxoplasma gondii	4.551	3.794	2.675	7.797	1.499	0.524
Treponema sp.	4.352	2.255	1.544	6.342	1.732	0.44
Triticum aestivum	3.066	5.446	4.268	8.641	0.763	0.457
Tropheryma whipplei	4.934	2.146	0.602	5.9455	-1.0	0.464
Trueperaceae bacterium	3.8305	2.6254999999999997	2.0469999999999997	6.438	1.4775	0.7064999999999999
Trypanosoma cruzi	3.71	3.992	3.053	7.437	1.792	0.5015000000000001
Turicibacter sanguinis	4.974	1.845	1.041	6.482	1.885	0.341
Ureaplasma urealyticum	5.477	1.079	0.301	5.934	-1.0	0.259
Variovorax paradoxus	4.76	2.511	1.716	6.928	1.462	0.689
Variovorax sp.	4.0175	2.741	1.9285	6.6025	1.0775000000000001	0.6705000000000001
Veillonellaceae bacterium	4.661	2.0725	1.2525	6.3934999999999995	1.3719999999999999	0.45499999999999996
Verrucomicrobia bacterium	4.005	2.53	1.845	6.4	1.086	0.586
Verrucomicrobiaceae bacterium	4.211	2.288	1.756	6.5	1.0	0.562
Verrucomicrobiales bacterium	4.227	2.267	1.716	6.4275	1.0	0.5745
Vibrio aestuarianus	4.982	2.061	1.204	6.622	1.699	0.427
Vibrio alginolyticus	5.415	1.934	0.845	6.715	2.0	0.446
Vibrio campbellii	4.340999999999999	2.702	1.892	6.724	1.699	0.455
Vibrio cholerae	5.251	2.064	0.903	6.603	2.0	0.475
Vibrio coralliilyticus	5.3825	1.806	0.845	6.7445	1.699	0.457
Vibrio crassostreae	5.361000000000001	1.877	0.845	6.7125	2.414	0.443
Vibrio cyclitrophicus	5.401	1.968	0.845	6.703	1.699	0.436
Vibrio diabolicus	5.526	1.949	0.778	6.708	1.477	0.448
Vibrio fluvialis	5.373	1.792	0.903	6.677	2.0	0.5
Vibrio harveyi	4.967499999999999	2.1505	1.301	6.766500000000001	1.699	0.449
Vibrio mediterranei	5.212	1.949	1.041	6.753	1.079	0.441
Vibrio metoecus	5.2965	1.8969999999999998	0.8115	6.6005	2.431	0.469
Vibrio mimicus	5.2225	1.98	0.9225	6.6370000000000005	1.389	0.4635
Vibrio nigripulchritudo	4.926	2.146	1.322	6.799	-1.0	0.458
Vibrio parahaemolyticus	5.2865	2.117	0.903	6.707	2.0	0.453
Vibrio splendidus	5.246499999999999	1.914	1.041	6.731999999999999	2.0860000000000003	0.442
Vibrio tasmaniensis	5.0645	2.0955	1.145	6.7215	1.924	0.439
Vibrio vulnificus	5.268	2.14	0.954	6.695	1.97	0.467
Wallemia ichthyophaga	5.234	2.36	1.322	6.98	2.453	0.454
Wallemia mellicola	5.128	2.362	1.322	6.989	2.483	0.4
Weissella cibaria	5.113	1.778	0.778	6.372	2.0	0.449
Weissella confusa	5.165	1.663	0.778	6.354	1.633	0.447
Weissella paramesenteroides	5.282500000000001	1.439	0.602	6.299	2.0465	0.379
Wenzhouxiangella sp.	3.979	2.515	1.875	6.392	1.629	0.623
Winogradskyella sp.	4.221	2.279	1.57	6.3975	1.04	0.34099999999999997
Woeseiaceae bacterium	4.226	2.164	1.519	6.407	1.273	0.575
Wohlfahrtiimonas chitiniclastica	5.667	0.9515	0.301	6.327	2.412	0.437
Wolbachia pipientis	4.14	2.152	1.362	6.065	1.884	0.3495
Xanthomonadaceae bacterium	4.099	2.405	1.732	6.476	1.756	0.656
Xanthomonadales bacterium	4.1635	2.417	1.8265	6.462	0.99	0.628
Xanthomonas arboricola	5.312	1.851	0.954	6.695	2.0	0.656
Xanthomonas campestris	5.157	1.966	1.06	6.6995000000000005	2.1715	0.651
Xanthomonas citri	5.35	2.182	0.954	6.719	2.021	0.647
Xanthomonas euvesicatoria	5.164	2.173	1.146	6.719	1.839	0.646
Xanthomonas fragariae	4.253	2.5975	1.869	6.62	2.027	0.623
Xanthomonas hortorum	5.1	2.093	1.114	6.712	2.556	0.637
Xanthomonas oryzae	4.326	2.636	1.799	6.633	2.249	0.639
Xanthomonas perforans	5.066	2.004	1.146	6.718	1.6560000000000001	0.647
Xanthomonas phaseoli	4.8285	2.2110000000000003	1.38	6.6945	2.0069999999999997	0.65
Xanthomonas translucens	4.268	2.4865	1.8295	6.635999999999999	2.0	0.684
Xanthomonas vasicola	5.0985	2.127	1.114	6.684	1.903	0.633
Xanthomonas vesicatoria	5.226	1.884	1.0499999999999998	6.7235	1.807	0.641
Xylella fastidiosa	5.0145	2.107	0.845	6.402	2.8585000000000003	0.518
Yersinia bercovieri	4.7295	2.254	1.3975	6.6285	2.0145	0.494
Yersinia enterocolitica	4.8535	2.1319999999999997	1.301	6.651	2.076	0.471
Yersinia frederiksenii	5.1295	2.0225	1.0775000000000001	6.6845	2.0605	0.476
Yersinia kristensenii	5.068	1.973	1.079	6.65	2.0	0.475
Yersinia mollaretii	5.21	1.785	0.9285	6.661	2.31	0.491
Yersinia pestis	4.388	2.631	1.771	6.66	1.851	0.475
Yersinia pseudotuberculosis	4.696	2.3609999999999998	1.4695	6.67	2.0895	0.476
Yersinia ruckeri	5.224	1.892	0.903	6.575	2.114	0.476
Zetaproteobacteria bacterium	4.2989999999999995	2.0595	1.447	6.266	0.903	0.5609999999999999
Zymomonas mobilis	5.251	1.505	0.477	6.312	2.286	0.449
